0 0 0 F 0 0 0 4 0 0 C 0 A 0 8 0
0 0 0 0 0 0 0 0 D 0 0 0 B 0 C 0
0 C A 2 0 0 0 0 9 6 7 0 0 E 0 F
0 0 B 0 0 D 0 0 0 0 0 F 3 5 0 6
0 A 0 D 4 5 0 E 0 9 0 6 0 0 0 2
0 0 0 6 0 0 0 C 2 0 0 D 0 0 0 G
0 0 0 0 7 A 0 8 0 C 0 0 0 D 0 0
0 E 5 0 6 0 F 0 A 0 B 8 0 3 0 7
3 0 7 0 0 0 0 0 5 0 0 2 6 A B E
0 0 C B 0 0 0 3 0 1 0 0 0 0 7 0
0 0 0 3 9 0 0 F B 3 0 0 0 0 0 D
0 4 D 8 0 0 0 0 0 A G 0 0 0 F 0
0 0 0 0 0 E 0 9 0 0 6 0 0 0 4 0
0 0 0 0 F 0 0 0 0 G 8 0 0 0 0 B
0 0 F 3 0 4 0 A 0 2 E 0 0 0 0 0
8 B 1 9 D 0 0 0 0 0 0 0 0 0 0 C